[anna.png]
filters=enhance=1;finetune2=1,0.532164,0.207719,0.275088,00000000,0.000000;warm=1;glow2=1,0.280702,1.294745;finetune2=1,0.000000,0.000000,0.000000,00000000,-0.555556;
moddate=0000361998cf0000
width=569
height=569
textactive=0
